Jan 2019 24 30 29 29 22 21 20 18 10 12 24 30 29 29 22 21 20 18 10 12 24 30 29 29 22 21 20 18 10 12 9
Feb 2019 14 22 23 28 30 18 17 18 12 2 14 22 23 28 30 18 17 18 12 2 22 23 26 30 38 39 40
Mar 2019 70 35 35 40 36 42 33 31 30 49 48 47 22 35 35 40 36 42 33 31 30 49 48 47 22 50 60 68 51 52
Apr 2019 60  29 29 22 21 20 18 10 12 24 30 29 29  80 84 70 65
Jun 2019 30 29 29  80 84 70 65 90 99 101 55 68 68 68
Jul 2019 90 99 101 55 68 68 68 104 104 104 110 112
Aug 2019 68 68 104 104 104 110 112 120 120 140 140
Sep 2019 30 29 29  80 84 70 65 90 99 101 55 68 68 30 29 29  80 84 70 65 90 99 101 55 68 68
Oct 2019 48 47 22 35 35 40 36 42 33 31 30 49 48 47 22 50 60 48 47 22 35 35 40 36 42 33 31 30 49 48 47 22 50 60
Nov 2019 24 30 29 29 22 21 20 18 10 12 24 30 24 30 29 29 22 21 20 18 10 12 24 30
Dec 2019 18 17 18 12 2 14 22 23 28 30 18 17 18 12 2 22 23 26 30 18 17 18 12 2 14 22 23 28 30 18 17 18 12 2 22 